0 1
2 6b
11 c1
20 be
29 e2
38 2e
47 40
56 9f
65 96
74 e9
83 3d
92 7e
101 11
110 73
119 93
128 17
137 2a
146 2b
155 7e
164 15
173 16
182 28
191 ae
200 d2
209 a6
218 ab
227 f7
236 15
245 88
254 9
263 cf
272 4f
281 3c
544 8a
1102 84
1659 eb
2216 1
2907 50
3464 38
4021 6b
4578 e5
5269 cb
5826 42
6383 d2
6940 8f
7631 da
8188 c4
8745 e2
9302 3c
9993 2b
10550 95
11107 63
11664 b9
12355 99
12912 59
13469 65
14026 82
14717 63
15274 dc
15831 54
16388 74
17079 24
17636 86
18193 84
18750 2f
19441 5d
19998 a5
20555 15
21112 d2
21809 4a
22366 63
22923 9f
23480 5b
24317 9
24874 6f
25431 2c
25988 da
26545 8
27102 28
27659 74
28216 4a
28773 62
29330 e3
29887 7f
30444 6a
31001 bf
31558 4
32115 ee
32672 47
34205 89
34762 c0
35319 2e
35876 60
36433 4d
36990 b5
37547 56
38104 38
38661 9b
39218 12
39775 88
40332 53
40889 3
41446 21
42003 3c
42560 4a
44093 54
44650 b3
45207 68
45764 d6
46321 d
46878 fe
47435 b0
47992 d3
48549 10
49106 64
49663 61
50220 ea
50777 b9
51334 af
51891 1e
52448 41
53981 91
54538 3a
55095 c0
55652 a9
56209 3e
56766 2c
57323 f9
57880 f2
58437 ce
58994 98
59551 76
60108 56
60665 de
61222 2e
61779 da
62336 76
63869 3a
64426 1b
64983 ba
65540 4f
66097 ef
66654 6
67211 a5
67768 a9
68325 9f
68882 e3
69439 98
69996 43
70553 cf
71110 12
71667 63
72224 1e
73757 71
74314 23
74871 e8
75428 3f
75985 d6
76542 2e
77099 d3
77656 31
78213 d
78770 df
79327 6c
79884 bd
80441 fa
80998 dd
81555 21
82112 5c
83645 bd
84202 f3
84759 dc
85316 f1
85873 e3
86430 6d
86987 56
87544 66
88101 ba
88658 f4
89215 12
89772 65
90329 7d
90886 d4
91443 16
92000 68
93533 98
94090 9
94647 11
95204 7f
95761 3c
96318 b5
96875 a9
97432 14
97989 ea
98546 fd
99103 54
99660 c5
100217 ff
100774 18
101331 3a
101888 10
103421 83
103978 ff
104535 c1
105092 77
105649 e
106206 33
106763 15
107320 91
107877 b4
108434 81
108991 f0
109548 a6
110105 ed
110662 9
111219 5e
111776 af
113309 ea
113866 c4
114423 49
114980 92
115537 5
116094 c3
116651 94
117208 a1
117765 c6
118322 e3
118879 82
119436 13
119993 e9
120550 3b
121107 31
121664 1c
